delay  	Add					Add2					Mread  	   Mrite       Fread    mdelay      delay	read	write	Addout
0       00000000000000000000000000000000	00000000000000000000000000000000    	0          0           0         0           0		0	0	00000000000000000000000000000000	
0       00000000000000000000000000000001	00000000000000000000000000000000    	0          1           0         0           0		0	1	00000000000000000000000000000001	
0	00000000000000000000000000000001	00000000000000000000000000000000     	1          0           0         0           0		1	0	00000000000000000000000000000001	
0	00000000000000000000000000000000	00000000000000000000000000000010        0          0           1         0           0		1	0	00000000000000000000000000000010
0	00000000000000000000000000000001	00000000000000000000000000000010	1	   0	       1	 1	     0		1	0	00000000000000000000000000000001			
1	00000000000000000000000000000000	00000000000000000000000000000000      	0          0           0         1           1		0	0	00000000000000000000000000000000	
1	00000000000000000000000000000000	00000000000000000000000000000000      	0          0           1         1           1		0	0	00000000000000000000000000000000	
1	00000000000000000000000000000000	00000000000000000000000000000000        1          0           1         1           1		0	0	00000000000000000000000000000000	
1	00000000000000000000000000000000	00000000000000000000000000000000       	0          1           1         1           1		0	0	00000000000000000000000000000000	
