Functio instruction                                            RS1     RS2     RD  RS1v RS2v RDv  Immediate
LUI--     00000000001000001000000110110111 00001 00010 00011 0    0    1   00000000001000001000000000000000
AUIPC   00000000001000001000000110010111 00001 00010 00011 0    0    1   00000000001000001000000000000000
JAL--     00000000000000000000000111101111 00000 00000 00011 0    0    1   00000000000000000000000000000000
JALR-    00000000000000001000000111100111 00001 00000 00011 1    0    1   00000000000000000000000000000000
BEQ--    00000000001000001000000001100011 00001 00010 00000 1    1    0  00000000000000000000000000000000
BNE--    00000000001000001001000001100011 00001 00010 00000 1    1    0  00000000000000000000000000000000
BLT--     00000000001000001100000001100011 00001 00010 00000 1    1    0  00000000000000000000000000000000
BGE--    00000000001000001101000001100011 00001 00010 00000 1    1    0  00000000000000000000000000000000
BLTU-    00000000001000001110000001100011 00001 00010 00000 1    1    0  00000000000000000000000000000000
BGEU-   00000000001000001111000001100011 00001 00010 00000 1    1    0  00000000000000000000000000000000
LB---     10000000000000001000000110000011 00001 00000 00011 1    0    1  11111111111111111111100000000000
LH---     00000000000000001001000110000011 00001 00000 00011 1    0    1  00000000000000000000000000000000
LW---    00000000000000001010000110000011 00001 00000 00011 1    0    1  00000000000000000000000000000000
LBU--    00000000000000001100000110000011 00001 00000 00011 1    0    1   00000000000000000000000000000000
LHU--    00000000000000001101000110000011 00001 00000 00011 1    0    1   00000000000000000000000000000000
SB---     00000000001000001000000000100011 00001 00010 00000 1    1    0   00000000000000000000000000000000
SH---     00000000001000001001000000100011 00001 00010 00000 1    1    0  00000000000000000000000000000000
SW---    00000000001000001010000000100011 00001 00010 00000 1    1    0   00000000000000000000000000000000
ADDI-   00000000100000001000000110010011 00001 01000 00011 1    0    1   00000000000000000000000000001000
SLTI-     00000000100000001010000110010011 00001 01000 00011 1    0    1   00000000000000000000000000001000
SLTIU    00000000000000001011000110010011 00001 00000 00011 1    0    1   00000000000000000000000000000000
XORI-    00000000000000001100000110010011 00001 00000 00011 1    0    1   00000000000000000000000000000000
ORI--     00000000000000001110000110010011 00001 00000 00011 1    0    1   00000000000000000000000000000000
ANDI-    00000000000000001111000110010011 00001 00000 00011 1    0    1   00000000000000000000000000000000
SLLI-      00000000000000001001000110010011 00001 00000 00011 1    0    1   00000000000000000000000000000000
SRLI-      00000000000000001101000110010011 00001 00000 00011 1    0    1   00000000000000000000000000000000
SRAI-     01000000000000001101000110010011 00001 00000 00011 1    0    1   00000000000000000000000000000000
ADDr-   00000000001000001000000110110011 00001 00010 00011 1    1    1   00000000000000000000000000000000
SUBr-    01000000001000001000000110110011 00001 00010 00011 1    1    1   00000000000000000000000000000000
SLLr-     00000000001000001001000110110011 00001 00010 00011 1    1    1   00000000000000000000000000000000
SLTr-     00000000001000001010000110110011 00001 00010 00011 1    1    1   00000000000000000000000000000000
SLTUr    00000000001000001011000110110011 00001 00010 00011 1    1    1   00000000000000000000000000000000
XORr-    00000000001000001100000110110011 00001 00010 00011 1    1    1   00000000000000000000000000000000
SRLr-     00000000001000001101000110110011 00001 00010 00011 1    1    1   00000000000000000000000000000000
SRAr-    01000000001000001101000110110011 00001 00010 00011 1    1    1   00000000000000000000000000000000
ORr--    00000000001000001110000110110011 00001 00010 00011 1    1    1   00000000000000000000000000000000
ANDr-   00000000001000001111000110110011 00001 00010 00011 1    1    1   00000000000000000000000000000000
NOP--   00000000000000000000000000010011 00000 00000 00000 0    0    0   00000000000000000000000000000000