Reset Jmp Delay Jaddr                                                  Mdata                                                 Address                                               Inst                                                     Read
1       0      0       00000000000000000000000000000001 00000000000000000000000000000010 00000000000000000000000000000000 00000000000000000000000000010011 0
0       0      0       00000000000000000000000000000001 00000000000000000000000000000010 00000000000000000000000000000100 00000000000000000000000000000010 1
0       0      0       00000000000000000000000000000001 00000000000000000000000000000010 00000000000000000000000000001000 00000000000000000000000000000010 1
0       1      0       00000000000000000000000000000001 00000000000000000000000000000010 00000000000000000000000000000001 00000000000000000000000000010011 0
0       0      0       00000000000000000000000000000001 00000000000000000000000000000010 00000000000000000000000000000101 00000000000000000000000000000010 1
0       1      1       00000000000000000000000000000001 00000000000000000000000000000010 00000000000000000000000000000001 00000000000000000000000000010011 0
0       0      1       00000000000000000000000000000001 00000000000000000000000000000010 00000000000000000000000000000001 00000000000000000000000000010011 1
0       0      0       00000000000000000000000000000001 00000000000000000000000000000010 00000000000000000000000000000101 00000000000000000000000000000010 1
1       0      0       00000000000000000000000000000001 00000000000000000000000000000010 00000000000000000000000000000000 00000000000000000000000000010011 0
1       0      1       00000000000000000000000000000001 00000000000000000000000000000010 00000000000000000000000000000000 00000000000000000000000000010011 0
1       1      0       00000000000000000000000000000001 00000000000000000000000000000010 00000000000000000000000000000000 00000000000000000000000000010011 0
1       1      1       00000000000000000000000000000001 00000000000000000000000000000010 00000000000000000000000000000000 00000000000000000000000000010011 1