Functio   Data                                 		DestReg   	DataOut                           	  DestRegOut   write
LUI--       00000000000000000000000000000001   00001       00000000000000000000000000000001 00001             1
AUIPC     00000000000000000000000000000001   00001       00000000000000000000000000000001 00001             1
JAL--       00000000000000000000000000000001   00001       00000000000000000000000000000001 00001             1
JALR-      00000000000000000000000000000001   00001       00000000000000000000000000000001 00001             1
BEQ--     00000000000000000000000000000001   00001       00000000000000000000000000000001 00001             0
BNE--     00000000000000000000000000000001   00001       00000000000000000000000000000001 00001             0
BLT--      00000000000000000000000000000001   00001       00000000000000000000000000000001 00001             0
BGE--     00000000000000000000000000000001   00001       00000000000000000000000000000001 00001             0
BLTU-     00000000000000000000000000000001   00001       00000000000000000000000000000001 00001             0
BGEU-    00000000000000000000000000000001   00001       00000000000000000000000000000001 00001             0
LB---      00000000000000000000000000000001   00001       00000000000000000000000000000001 00001             1
LH---     00000000000000000000000000000001   00001       00000000000000000000000000000001 00001             1
LW---     00000000000000000000000000000001   00001       00000000000000000000000000000001 00001             1
LBU--     00000000000000000000000000000001   00001       00000000000000000000000000000001 00001             1
LHU--    00000000000000000000000000000001   00001       00000000000000000000000000000001 00001             1
SB---     00000000000000000000000000000001   00001       00000000000000000000000000000001 00001             0
SH---     00000000000000000000000000000001   00001       00000000000000000000000000000001 00001             0
SW---    00000000000000000000000000000001   00001       00000000000000000000000000000001 00001             0
ADDI-    00000000000000000000000000000001   00001       00000000000000000000000000000001 00001             1
SLTI-      00000000000000000000000000000001   00001       00000000000000000000000000000001 00001             1
SLTIU     00000000000000000000000000000001   00001       00000000000000000000000000000001 00001             1
XORI-    00000000000000000000000000000001   00001       00000000000000000000000000000001 00001             1
ORI--     00000000000000000000000000000001   00001       00000000000000000000000000000001 00001             1
ANDI-    00000000000000000000000000000001   00001       00000000000000000000000000000001 00001             1
SLLI-      00000000000000000000000000000001   00001       00000000000000000000000000000001 00001             1
SRLI-     00000000000000000000000000000001   00001       00000000000000000000000000000001 00001             1
SRAI-    00000000000000000000000000000001   00001       00000000000000000000000000000001 00001             1
ADDr-   00000000000000000000000000000001   00001       00000000000000000000000000000001 00001             1
SUBr-    00000000000000000000000000000001   00001       00000000000000000000000000000001 00001             1
SLLr-     00000000000000000000000000000001   00001       00000000000000000000000000000001 00001             1
SLTr-     00000000000000000000000000000001   00001       00000000000000000000000000000001 00001             1
SLTUr    00000000000000000000000000000001   00001       00000000000000000000000000000001 00001             1
XORr-    00000000000000000000000000000001   00001       00000000000000000000000000000001 00001             1
SRLr-     00000000000000000000000000000001   00001       00000000000000000000000000000001 00001             1
SRAr-    00000000000000000000000000000001   00001       00000000000000000000000000000001 00001             1
ORr--    00000000000000000000000000000001   00001       00000000000000000000000000000001 00001             1
ANDr-   00000000000000000000000000000001   00001       00000000000000000000000000000001 00001             1
NOP--   00000000000000000000000000000000	00000	 00000000000000000000000000000000 00000	         0